clear && cd src && python3 main.py analysis --input data/outputs/results_TESTE.json --output data/outputs/TESTE.png --type rpd --version avr
[H[2J[3JRPD Values:
+------+---------+---------+---------+---------+---------+---------+---------+---------+---------+---------+---------+---------+-------+---------+
| ID   |      10 |      20 |      30 |      40 |      50 |      60 |      70 |      80 |      90 |     100 |     150 |     200 |   250 |     300 |
+======+=========+=========+=========+=========+=========+=========+=========+=========+=========+=========+=========+=========+=======+=========+
| MFFD | 35.3387 | 38.6861 | 24.8175 | 20.3889 | 31.1344 | 23.4198 | 18.8335 | 21.8177 | 16.3369 | 18.0256 | 18.3248 | 14.2143 | 15.87 | 13.7619 |
+------+---------+---------+---------+---------+---------+---------+---------+---------+---------+---------+---------+---------+-------+---------+
| LSFF | 29.45   | 35.9    | 22.98   | 19.45   | 30.06   | 22.34   | 18.51   | 21.06   | 15.85   | 17.61   | 17.96   | 13.79   | 15.62 | 13.64   |
+------+---------+---------+---------+---------+---------+---------+---------+---------+---------+---------+---------+---------+-------+---------+
| LSBF | 30.1    | 35.54   | 22.94   | 19.78   | 30.06   | 22.34   | 18.51   | 21.61   | 15.71   | 17.81   | 18.65   | 15.02   | 16.22 | 14.61   |
+------+---------+---------+---------+---------+---------+---------+---------+---------+---------+---------+---------+---------+-------+---------+
| MIP  | 29.37   | 34.96   | 22.02   | 18.22   | 29.27   | 24.08   | 14.98   | 17.46   | 14.7    | 15.95   | 15.47   | 12.72   | 12.29 | 12.29   |
+------+---------+---------+---------+---------+---------+---------+---------+---------+---------+---------+---------+---------+-------+---------+
| MILP | 41.91   | 42.6    | 26.18   | 21.18   | 31.25   | 23.98   | 19.49   | 21.74   | 16.45   | 18.11   | 19.41   | 19.28   | 22.58 | 21.89   |
+------+---------+---------+---------+---------+---------+---------+---------+---------+---------+---------+---------+---------+-------+---------+
